1 1.52
5001 1.52
10001 1.52
15001 1.52
20001 1.52
25001 1.52
30001 1.52
35001 1.52
40001 1.52
45001 1.52
50001 1.52
55001 1.52
60001 1.52
65001 1.52
70001 1.52
75001 1.52
80001 1.52
85001 1.52
90001 1.52
95001 1.52
100001 2.35
105001 2.35
110001 2.35
115001 2.35
120001 2.35
125001 2.35
130001 2.35
135001 2.35
140001 2.35
145001 2.35
150001 2.35
155001 2.35
160001 2.35
165001 2.35
170001 2.35
175001 2.35
180001 2.35
185001 2.35
190001 2.35
195001 2.35
200001 2.46
205001 2.46
210001 2.46
215001 2.46
220001 2.46
225001 2.46
230001 2.46
235001 2.46
240001 2.46
245001 2.46
250001 2.46
255001 2.46
260001 2.46
265001 2.46
270001 2.46
275001 2.46
280001 2.46
285001 2.46
290001 2.46
295001 2.46
300001 0.12
305001 0.12
310001 0.12
315001 0.12
320001 0.12
325001 0.12
330001 0.12
335001 0.12
340001 0.12
345001 0.12
350001 0.12
355001 0.12
360001 0.12
365001 0.12
370001 0.12
375001 0.12
380001 0.12
385001 0.12
390001 0.12
395001 0.12
400001 2.35
405001 2.35
410001 2.35
415001 2.35
420001 2.35
425001 2.35
430001 2.35
435001 2.35
440001 2.35
445001 2.35
450001 2.35
455001 2.35
460001 2.35
465001 2.35
470001 2.35
475001 2.35
480001 2.35
485001 2.35
490001 2.35
495001 2.35
500001 4.93
505001 4.93
510001 4.93
515001 4.93
520001 4.93
525001 4.93
530001 4.93
535001 4.93
540001 4.93
545001 4.93
550001 4.93
555001 4.93
560001 4.93
565001 4.93
570001 4.93
575001 4.93
580001 4.93
585001 4.93
590001 4.93
595001 4.93
600001 3.17
605001 3.17
610001 3.17
615001 3.17
620001 3.17
625001 3.17
630001 3.17
635001 3.17
640001 3.17
645001 3.17
650001 3.17
655001 3.17
660001 3.17
665001 3.17
670001 3.17
675001 3.17
680001 3.17
685001 3.17
690001 3.17
695001 3.17
700001 4.34
705001 4.34
710001 4.34
715001 4.34
720001 4.34
725001 4.34
730001 4.34
735001 4.34
740001 4.34
745001 4.34
750001 4.34
755001 4.34
760001 4.34
765001 4.34
770001 4.34
775001 4.34
780001 4.34
785001 4.34
790001 4.34
795001 4.34
800001 5.39
805001 5.39
810001 5.39
815001 5.39
820001 5.39
825001 5.39
830001 5.39
835001 5.39
840001 5.39
845001 5.39
850001 5.39
855001 5.39
860001 5.39
865001 5.39
870001 5.39
875001 5.39
880001 5.39
885001 5.39
890001 5.39
895001 5.39
900001 1.52
905001 1.52
910001 1.52
915001 1.52
920001 1.52
925001 1.52
930001 1.52
935001 1.52
940001 1.52
945001 1.52
950001 1.52
955001 1.52
960001 1.52
965001 1.52
970001 1.52
975001 1.52
980001 1.52
985001 1.52
990001 1.52
995001 1.52
