20001 1721
20002 3442
20003 5163
20004 6884
20005 8605
20006 10326
20007 12047
20008 13768
20009 15489
20010 17210
20011 18931
20012 20652
20013 22373
20014 24094
20015 25815
20016 27536
20017 29257
20018 30978
20019 32699
20020 34420
20021 36141
20022 37862
20023 39583
20024 41304
20025 43025
20026 44746
20027 46467
20028 48188
20029 49909
20030 51630
20031 53351
20032 55072
20033 56793
20034 58514
20035 60235
20036 61956
20037 63677
20038 65398
20039 67119
20040 68840
20041 70561
20042 72282
20043 74003
20044 75724
20045 77445
20046 79166
20047 80887
20048 82608
20049 84329
20050 86050
20051 87771
20052 89492
20053 91213
20054 92934
20055 94655
20056 96376
20057 98097
20058 99818
20059 101539
20060 103260
20100 172100
21000 1721000
25000 8605000
